6.959677 -7.180731
5.846745 8.112680
8.117711 5.839758
3.839620 -9.233489
6.173724 -7.866711
5.098327 8.602736
-3.003935 9.538154
-5.869424 -8.096287
5.678717 8.231171
7.932112 -6.089466
-4.613993 -8.871926
5.479378 -8.365191
-3.089944 -9.510638
-3.345490 -9.423784
-4.175265 9.086648
-0.172174 9.998518
-7.827104 6.223860
-1.621326 9.867690
-1.343947 9.909279
0.958518 9.953956
-8.003707 5.995054
-1.417213 9.899066
4.259163 -9.047626
-8.910377 4.539294
-8.741423 -4.856699
-4.145641 9.100201
-0.622972 9.980576
-3.404297 -9.402700
8.291958 -5.589583
-0.492052 9.987887
9.502800 -3.113966
-3.098896 9.507726
-4.989655 -8.666219
-8.033698 -5.954805
7.498073 -6.616563
8.496176 -5.273993
8.981665 4.396554
-1.513276 -9.884837
9.792325 2.027405
-6.821292 7.312317
-1.401917 9.901244
-2.304514 -9.730838
0.366804 -9.993270
4.262195 9.046198
-2.458597 9.693054
2.775455 9.607125
-6.894083 -7.243730
-1.280101 9.917729
4.956338 -8.685316
-8.217339 -5.698714
7.692916 -6.388979
9.808276 1.948776
9.644624 -2.642201
8.122198 5.833515
-9.999993 0.011848
-9.836854 -1.798974
-9.807095 -1.954709
-7.525771 6.585042
-9.998238 0.187701
-9.561387 -2.929143
-8.870164 4.617380
-8.525355 -5.226693
-3.052034 9.522872
-9.093444 -4.160441
8.131463 -5.820593
9.518262 -3.066380
-9.777241 -2.098943
-9.992658 0.383115
3.629987 9.317897
6.509717 -7.591020
-8.788410 -4.771147
-9.785451 -2.060325
9.369930 -3.493483
-9.856805 1.686239
-8.434579 5.371953
8.968513 4.423322
-5.097191 8.603409
-9.734882 -2.287371
-9.631448 2.689835
-9.654606 2.605490
-4.702013 -8.825592
8.454636 -5.340331
-5.392424 8.421506
-8.240150 -5.665679
4.858204 -8.740587
9.560863 -2.930853
-6.777086 7.353306
2.166875 9.762410
-3.018551 9.533538
-3.282358 -9.445958
-9.997883 0.205746
8.598673 -5.105177
-9.087232 4.173993
9.518847 -3.064565
-9.233181 -3.840360
7.792662 -6.266930
4.189627 9.080034
-7.675815 6.409514
7.543715 -6.564477
8.516602 5.240943
