7.165847 3.469190
4.344970 1.642997
3.771489 3.777877
3.410772 2.006661
3.783268 3.343786
3.478235 1.191130
4.616721 3.883333
5.464037 2.995680
3.159356 2.734793
4.539137 1.422675
4.124272 2.753854
4.457287 2.962090
6.063407 2.434243
3.152499 -0.050257
4.364460 2.029228
3.612671 1.185894
4.199872 1.538031
6.018530 1.415266
3.021934 0.538487
4.968800 0.274563
5.159258 1.231674
3.769500 0.670304
2.412558 1.367453
5.134495 1.422605
4.202294 2.083165
2.575642 1.598530
4.327382 1.235872
5.418411 1.377921
4.055174 2.046132
4.980480 1.520183
3.301099 3.584704
6.843093 1.110241
3.335177 2.746319
4.174686 0.941133
2.203081 3.361507
2.603082 1.137016
4.265663 2.646433
2.778259 2.083025
3.022127 3.269120
4.499700 2.677058
3.386527 1.015573
6.882813 1.752866
1.617258 1.432939
5.762047 3.037154
1.775442 4.984433
5.312136 4.163328
3.231866 0.203584
3.893613 2.567809
5.713220 4.299591
4.393096 0.657291
3.728991 0.942973
4.738593 2.222297
3.332478 0.900464
3.533684 2.379332
4.319312 2.588340
2.974919 3.345087
2.951640 1.894437
3.849577 2.392217
4.149409 1.259140
2.429055 0.610165
4.928828 2.935124
4.793645 3.942972
4.355093 0.703558
2.625682 4.528877
1.598926 1.960340
5.106664 1.986443
4.215407 4.550629
2.432132 2.936294
3.235659 1.815476
3.855663 2.949015
5.539744 1.299172
2.944725 1.604318
5.202418 3.731150
3.026162 1.421652
4.178616 0.602105
3.816700 4.059860
5.070295 -0.041131
1.592845 0.894667
4.184856 0.448489
4.477731 1.610590
4.193366 0.953479
3.737850 2.430437
3.509718 1.341103
6.034065 3.452909
4.875730 1.012536
6.557825 3.812021
3.773140 2.102712
4.803074 0.215539
5.775507 -0.510947
4.548079 2.618247
3.695451 3.423266
5.103073 4.276296
5.231939 1.646212
5.020257 1.628257
4.086308 2.601147
3.765928 1.641528
4.921494 0.253443
4.463085 1.989751
5.155842 0.643563
4.871400 3.936604
-10.208367 -6.655337
-11.077121 -4.384760
-9.235812 -2.323238
-8.287739 -5.153530
-9.524503 -6.066957
-9.924147 -3.016685
-10.833922 -3.830948
-10.029179 -4.932770
-10.769121 -8.333742
-11.465678 -5.868065
-9.835436 -2.209318
-10.661894 -7.060211
-9.191408 -4.633186
-8.608055 -2.565668
-8.145035 -4.926105
-11.081734 -3.931763
-9.905079 -2.565623
-10.510846 -5.146648
-9.545949 -2.456381
-10.139158 -8.057905
-10.840274 -8.145657
-11.168333 -5.158260
-9.208958 -5.068913
-11.327990 -3.201812
-9.554070 -4.701332
-8.688584 -8.293580
-10.299510 -6.246622
-10.776389 -2.255050
-11.779606 -4.721466
-10.558229 -5.244091
-8.732797 -1.869119
-9.577477 -4.005534
-9.146736 -3.814466
-9.807918 -7.344391
-7.509764 -7.900392
-11.031326 -8.771997
-9.655715 -5.844203
-10.530112 -7.186776
-9.231366 0.207849
-9.407954 -2.131542
-7.899690 -3.474447
-9.749486 -7.307090
-9.533883 -7.317002
-11.570594 -3.359660
-10.053247 -7.786929
-11.218785 -8.401582
-10.617014 -5.763360
-9.444378 -5.724906
-11.863227 -6.238403
-11.324103 -2.195691
-9.235453 -5.514753
-9.858330 -7.697065
-10.178978 -10.426878
-8.765114 -8.597822
-12.086708 -4.496880
-10.384570 -0.247953
-12.139040 -4.241305
-9.957279 -2.940675
-9.222937 -9.679815
-9.948909 -3.768324
-10.356775 -3.797755
-10.426598 -7.231109
-10.739573 -1.950656
-11.163457 -7.289962
-9.978289 -7.601249
-9.867581 -5.225910
-7.554153 -1.826786
-9.928376 -7.921500
-10.862914 -1.978236
-10.673159 -8.835975
-8.756004 -3.641316
-7.823445 -6.370776
-12.600076 -3.628593
-9.489981 -5.138300
-11.584599 -6.203525
-8.442985 -2.252732
-9.883563 -3.911362
-11.309564 -4.512147
-9.001542 -6.184523
-10.057114 -3.518191
-8.481425 -9.764868
-9.437615 -3.039654
-8.353426 -3.564784
-8.829651 -8.968364
-11.265018 -5.335632
-9.910539 -2.221053
-10.938339 -5.729533
-8.419278 -3.756530
-10.594878 -8.281105
-10.659606 -1.986730
-10.462403 -4.232639
-10.958904 -4.437184
-8.084372 -5.733342
-10.752065 -2.000184
-9.999911 -8.304346
-9.472415 -2.682434
-10.600045 -6.085271
-8.764860 -1.776179
-10.831803 -9.741076
-10.526663 -5.981364
